geography,year,group1,group2,group3,group4,group5
Maricopa County,2011,0.750706352,0.130227542,0.056605198,0.02363852,0.038822388
Maricopa County,2012,0.669154097,0.172330328,0.078121532,0.033971398,0.046422645
Maricopa County,2013,0.543049553,0.227317084,0.113787224,0.049982306,0.065863833
Maricopa County,2014,0.499982327,0.252895366,0.121222475,0.053489167,0.072410665
Maricopa County,2015,0.448095562,0.28419343,0.134845707,0.058657725,0.074207576
Maricopa County,2016,0.379093944,0.321649976,0.153018598,0.066704816,0.079532666
Maricopa County,2017,0.319487202,0.343122033,0.168371557,0.077993169,0.091026039
Maricopa County,2018,0.240862516,0.369030844,0.190099682,0.089722179,0.11028478
Maricopa County,2019,0.180924713,0.373410464,0.218920687,0.10196818,0.124775957
Maricopa County,2020,0.111553316,0.315846158,0.265412414,0.129037686,0.178150426
Maricopa County,2021,0.059404063,0.16855552,0.288455995,0.197222096,0.286362326
Maricopa County,2022,0.033159616,0.089926079,0.206910004,0.255374058,0.414630243
Maricopa County,2023,0.035707655,0.103347979,0.240155125,0.223157374,0.397631867
Apache Junction,2012,0.985539488,0.012235818,0.002224694,0,0
Apache Junction,2013,0.979189485,0.018619934,0.002190581,0,0
Apache Junction,2014,0.944180523,0.043942993,0.009501188,0.002375297,0
Apache Junction,2015,0.953713671,0.039827772,0.004305705,0.001076426,0.001076426
Apache Junction,2016,0.887525562,0.098159509,0.010224949,0.003067485,0.001022495
Apache Junction,2017,0.832884097,0.149146451,0.011680144,0.006289308,0
Apache Junction,2018,0.683333333,0.288333333,0.019166667,0.005833333,0.003333333
Apache Junction,2019,0.549239392,0.425140112,0.020016013,0.002401922,0.003202562
Apache Junction,2020,0.453468697,0.483079526,0.049069374,0.012690355,0.001692047
Apache Junction,2021,0.319364162,0.312861272,0.316473988,0.041184971,0.010115607
Apache Junction,2022,0.315322581,0.152419355,0.294354839,0.209677419,0.028225806
Apache Junction,2023,0.316770186,0.233954451,0.3126294,0.101449275,0.035196687
Avondale,2011,0.985576923,0.014423077,0,0,0
Avondale,2012,0.955500618,0.042645241,0.001854141,0,0
Avondale,2013,0.860560492,0.130553657,0.008885851,0,0
Avondale,2014,0.780405405,0.210135135,0.009459459,0,0
Avondale,2015,0.679141104,0.304294479,0.015337423,0.001226994,0
Avondale,2016,0.546536797,0.433982684,0.019480519,0,0
Avondale,2017,0.381846635,0.568596766,0.047470005,0.002086594,0
Avondale,2018,0.230037017,0.707562136,0.060285563,0.002115283,0
Avondale,2019,0.117352614,0.735817575,0.141268076,0.005005562,0.000556174
Avondale,2020,0.075147929,0.615384615,0.29112426,0.017159763,0.001183432
Avondale,2021,0.034361233,0.163436123,0.564757709,0.208810573,0.028634361
Avondale,2022,0.021169355,0.041330645,0.275201613,0.509072581,0.153225806
Avondale,2023,0.014324082,0.032229185,0.360787825,0.446732319,0.145926589
Buckeye,2011,0.866604478,0.107742537,0.022854478,0.00233209,0.000466418
Buckeye,2012,0.816373728,0.128584644,0.051341351,0.003237743,0.000462535
Buckeye,2013,0.686346863,0.214483395,0.082564576,0.014298893,0.002306273
Buckeye,2014,0.648410758,0.236185819,0.083618582,0.026894866,0.004889976
Buckeye,2015,0.579540878,0.290374547,0.085380588,0.031010874,0.013693113
Buckeye,2016,0.497356246,0.3559154,0.10806345,0.028420357,0.010244547
Buckeye,2017,0.409138933,0.427099842,0.116481775,0.031959852,0.015319599
Buckeye,2018,0.266894977,0.540410959,0.13630137,0.038356164,0.01803653
Buckeye,2019,0.13231825,0.622346129,0.16641647,0.049967832,0.028951319
Buckeye,2020,0.021451222,0.591867189,0.263756762,0.072934154,0.049990673
Buckeye,2021,0.005990017,0.208319468,0.480033278,0.199334443,0.106322795
Buckeye,2022,0.0032265,0.020864702,0.323080232,0.412346741,0.240481824
Buckeye,2023,0.005871725,0.032971996,0.474254743,0.263775971,0.223125565
Carefree,2011,0.114285714,0.242857143,0.142857143,0.1,0.4
Carefree,2012,0.097560976,0.158536585,0.170731707,0.140243902,0.432926829
Carefree,2013,0.105882353,0.147058824,0.058823529,0.152941176,0.535294118
Carefree,2014,0.071428571,0.107142857,0.0625,0.169642857,0.589285714
Carefree,2015,0.02970297,0.128712871,0.074257426,0.158415842,0.608910891
Carefree,2016,0.027586207,0.096551724,0.110344828,0.124137931,0.64137931
Carefree,2017,0.069651741,0.144278607,0.069651741,0.094527363,0.621890547
Carefree,2018,0.091743119,0.114678899,0.100917431,0.082568807,0.610091743
Carefree,2019,0.027624309,0.060773481,0.077348066,0.127071823,0.70718232
Carefree,2020,0.024193548,0.032258065,0.120967742,0.048387097,0.774193548
Carefree,2021,0,0.042735043,0.038461538,0.08974359,0.829059829
Carefree,2022,0,0.053333333,0.006666667,0.053333333,0.886666667
Carefree,2023,0,0.021052632,0.042105263,0.052631579,0.884210526
Cave Creek,2011,0.198529412,0.095588235,0.191176471,0.095588235,0.419117647
Cave Creek,2012,0.078431373,0.183006536,0.222222222,0.189542484,0.326797386
Cave Creek,2013,0.054644809,0.218579235,0.207650273,0.18579235,0.333333333
Cave Creek,2014,0.039473684,0.151315789,0.263157895,0.092105263,0.453947368
Cave Creek,2015,0.068181818,0.174242424,0.227272727,0.113636364,0.416666667
Cave Creek,2016,0.065693431,0.065693431,0.226277372,0.160583942,0.481751825
Cave Creek,2017,0.01986755,0.112582781,0.264900662,0.105960265,0.496688742
Cave Creek,2018,0.048780488,0.103658537,0.182926829,0.115853659,0.548780488
Cave Creek,2019,0.018987342,0.025316456,0.17721519,0.17721519,0.601265823
Cave Creek,2020,0.018779343,0.028169014,0.17370892,0.145539906,0.633802817
Cave Creek,2021,0,0.016326531,0.048979592,0.134693878,0.8
Cave Creek,2022,0,0.005025126,0.020100503,0.030150754,0.944723618
Cave Creek,2023,0,0.014705882,0,0.029411765,0.955882353
Chandler,2011,0.619200571,0.201106353,0.110992148,0.040328337,0.028372591
Chandler,2012,0.522184904,0.24606682,0.135053916,0.053208414,0.043485947
Chandler,2013,0.387630015,0.291604755,0.190564636,0.077080238,0.053120357
Chandler,2014,0.336462244,0.328118481,0.195661243,0.086357947,0.053400083
Chandler,2015,0.264320345,0.356078291,0.219428982,0.093374035,0.066798348
Chandler,2016,0.192302042,0.384897899,0.225062436,0.119582782,0.078154841
Chandler,2017,0.139256071,0.380418076,0.256532432,0.129111589,0.094681832
Chandler,2018,0.106896552,0.367554859,0.276018809,0.147648903,0.101880878
Chandler,2019,0.091449695,0.327708132,0.297974928,0.156219865,0.12664738
Chandler,2020,0.048301082,0.190918787,0.377114125,0.203413073,0.180252933
Chandler,2021,0.017462165,0.087747381,0.259749709,0.269208382,0.365832363
Chandler,2022,0.00410762,0.047648388,0.155678784,0.256520846,0.536044362
Chandler,2023,0.003778932,0.062824752,0.171941427,0.288143599,0.47331129
El Mirage,2011,0.994481236,0.004415011,0.001103753,0,0
El Mirage,2012,0.993573265,0.006426735,0,0,0
El Mirage,2013,0.988204456,0.010484928,0.001310616,0,0
El Mirage,2014,0.966226138,0.032305433,0.001468429,0,0
El Mirage,2015,0.968834688,0.027100271,0.002710027,0.001355014,0
El Mirage,2016,0.947813822,0.046544429,0.002820874,0.002820874,0
El Mirage,2017,0.873221216,0.12160414,0.001293661,0.001293661,0.002587322
El Mirage,2018,0.614980289,0.373193167,0.009198423,0.002628121,0
El Mirage,2019,0.320777643,0.657351154,0.018226002,0.0036452,0
El Mirage,2020,0.103362391,0.849315068,0.0373599,0.00622665,0.00373599
El Mirage,2021,0.044917258,0.346335697,0.543735225,0.057919622,0.007092199
El Mirage,2022,0.030497592,0.075441413,0.545746388,0.332263242,0.016051364
El Mirage,2023,0.026666667,0.137777778,0.751111111,0.08,0.004444444
Florence,2012,0.863402062,0.108247423,0.025773196,0.00257732,0
Florence,2013,0.745417515,0.195519348,0.050916497,0.00610998,0.00203666
Florence,2014,0.670859539,0.259958071,0.062893082,0.006289308,0
Florence,2015,0.644135189,0.282306163,0.073558648,0,0
Florence,2016,0.626373626,0.313186813,0.051282051,0.009157509,0
Florence,2017,0.565420561,0.328660436,0.096573209,0.009345794,0
Florence,2018,0.493741307,0.388038943,0.104311544,0.012517385,0.001390821
Florence,2019,0.418781726,0.395939086,0.149746193,0.029187817,0.006345178
Florence,2020,0.285423038,0.470948012,0.199796126,0.04077472,0.003058104
Florence,2021,0.233261339,0.264578834,0.333693305,0.144708423,0.023758099
Florence,2022,0.191111111,0.123333333,0.305555556,0.285555556,0.094444444
Florence,2023,0.201298701,0.165584416,0.318181818,0.230519481,0.084415584
Fountain Hills,2011,0.405269762,0.223337516,0.151819322,0.08531995,0.13425345
Fountain Hills,2012,0.35208099,0.231721035,0.193475816,0.087739033,0.134983127
Fountain Hills,2013,0.254587156,0.224770642,0.221330275,0.122706422,0.176605505
Fountain Hills,2014,0.216041397,0.228978008,0.243208279,0.117723157,0.194049159
Fountain Hills,2015,0.228273465,0.215527231,0.206257242,0.139049826,0.210892236
Fountain Hills,2016,0.224008574,0.230439443,0.217577706,0.144694534,0.183279743
Fountain Hills,2017,0.198552223,0.185108583,0.222337125,0.163391934,0.230610134
Fountain Hills,2018,0.172281039,0.183830606,0.199230029,0.143407122,0.301251203
Fountain Hills,2019,0.130718954,0.168067227,0.217553688,0.177404295,0.306255836
Fountain Hills,2020,0.079065588,0.151841869,0.174303684,0.180592992,0.414195867
Fountain Hills,2021,0.028549383,0.151234568,0.128858025,0.142746914,0.548611111
Fountain Hills,2022,0.007683864,0.095499451,0.159165752,0.095499451,0.642151482
Fountain Hills,2023,0.002070393,0.095238095,0.173913043,0.107660455,0.621118012
Gila Bend,2011,1,0,0,0,0
Gila Bend,2012,1,0,0,0,0
Gila Bend,2013,1,0,0,0,0
Gila Bend,2014,0.818181818,0.090909091,0.090909091,0,0
Gila Bend,2015,0.818181818,0.090909091,0.090909091,0,0
Gila Bend,2016,1,0,0,0,0
Gila Bend,2017,0.888888889,0,0.111111111,0,0
Gila Bend,2018,1,0,0,0,0
Gila Bend,2019,0.944444444,0,0,0,0.055555556
Gila Bend,2020,0.916666667,0,0,0.083333333,0
Gila Bend,2021,0.875,0,0,0.125,0
Gila Bend,2022,0.631578947,0.263157895,0.052631579,0,0.052631579
Gila Bend,2023,0.333333333,0.5,0,0.166666667,0
Gilbert,2011,0.653568565,0.245388933,0.070890136,0.016359262,0.013793103
Gilbert,2012,0.478218238,0.354391371,0.115702479,0.031236868,0.020451044
Gilbert,2013,0.255844729,0.418320835,0.217615057,0.068666373,0.039553007
Gilbert,2014,0.210135775,0.434164825,0.223397537,0.083833281,0.048468582
Gilbert,2015,0.142363112,0.469164265,0.247982709,0.089193084,0.05129683
Gilbert,2016,0.087608524,0.479610629,0.265061826,0.093528019,0.074191002
Gilbert,2017,0.048864237,0.432910724,0.307316429,0.125858426,0.085050185
Gilbert,2018,0.024438573,0.364068692,0.349537649,0.15323646,0.108718626
Gilbert,2019,0.018018018,0.281629456,0.37694216,0.17430474,0.149105627
Gilbert,2020,0.009257999,0.132607216,0.420558203,0.217290674,0.220285909
Gilbert,2021,0.002579419,0.027966332,0.187754548,0.319576432,0.462123269
Gilbert,2022,0.001412679,0.009358997,0.051915946,0.221613986,0.715698393
Gilbert,2023,0.001092498,0.01201748,0.069191551,0.276037873,0.641660597
Glendale,2011,0.884321224,0.09249522,0.014818356,0.004541109,0.003824092
Glendale,2012,0.827230047,0.131220657,0.025117371,0.011032864,0.005399061
Glendale,2013,0.698554534,0.206570302,0.067542707,0.018134034,0.009198423
Glendale,2014,0.69355792,0.213652482,0.068262411,0.014775414,0.009751773
Glendale,2015,0.633453795,0.247547754,0.086990191,0.021424884,0.010583376
Glendale,2016,0.553880376,0.309688581,0.100098863,0.025951557,0.010380623
Glendale,2017,0.477156229,0.360597281,0.114998886,0.034098507,0.013149097
Glendale,2018,0.377316365,0.425094887,0.133958473,0.044206296,0.019423979
Glendale,2019,0.286874733,0.461308251,0.175929885,0.055793074,0.020094057
Glendale,2020,0.195945946,0.409133271,0.259552656,0.089002796,0.046365331
Glendale,2021,0.100466382,0.21414691,0.373882627,0.180917217,0.130586864
Glendale,2022,0.048762001,0.14426478,0.246083881,0.298888327,0.262001011
Glendale,2023,0.059643255,0.155518395,0.272017837,0.233556299,0.279264214
Goodyear,2011,0.685262281,0.217735221,0.067027477,0.021232306,0.008742714
Goodyear,2012,0.551118211,0.315495208,0.09784345,0.028753994,0.006789137
Goodyear,2013,0.417365925,0.374315943,0.147756293,0.044144473,0.016417366
Goodyear,2014,0.333055092,0.393989983,0.19490818,0.054674457,0.023372287
Goodyear,2015,0.298513011,0.409665428,0.20260223,0.064684015,0.024535316
Goodyear,2016,0.218146086,0.474942679,0.205044219,0.066491975,0.035375041
Goodyear,2017,0.140709946,0.494723377,0.238567317,0.082507195,0.043492165
Goodyear,2018,0.069767442,0.486861975,0.280579885,0.102990033,0.059800664
Goodyear,2019,0.036471586,0.452360758,0.317500707,0.132598247,0.061068702
Goodyear,2020,0.009664293,0.342828077,0.38301119,0.174465921,0.090030519
Goodyear,2021,0.006141947,0.081210191,0.380573248,0.307324841,0.224749773
Goodyear,2022,0.00178731,0.011319631,0.131665177,0.391718797,0.463509085
Goodyear,2023,0.003362475,0.020174849,0.178883658,0.338264963,0.459314055
Guadalupe,2011,1,0,0,0,0
Guadalupe,2012,1,0,0,0,0
Guadalupe,2013,1,0,0,0,0
Guadalupe,2014,1,0,0,0,0
Guadalupe,2015,1,0,0,0,0
Guadalupe,2016,1,0,0,0,0
Guadalupe,2017,1,0,0,0,0
Guadalupe,2018,0.9,0.1,0,0,0
Guadalupe,2019,0.846153846,0.153846154,0,0,0
Guadalupe,2020,0.857142857,0.071428571,0.071428571,0,0
Guadalupe,2021,0.5,0.2,0.2,0,0.1
Guadalupe,2022,0.533333333,0.266666667,0.2,0,0
Guadalupe,2023,0.2,0.3,0.4,0.1,0
Litchfield Park,2011,0.585714286,0.223809524,0.138095238,0.014285714,0.038095238
Litchfield Park,2012,0.412017167,0.334763948,0.158798283,0.060085837,0.034334764
Litchfield Park,2013,0.325991189,0.220264317,0.299559471,0.0969163,0.057268722
Litchfield Park,2014,0.315789474,0.252631579,0.2,0.126315789,0.105263158
Litchfield Park,2015,0.29047619,0.242857143,0.19047619,0.142857143,0.133333333
Litchfield Park,2016,0.255813953,0.240310078,0.178294574,0.170542636,0.15503876
Litchfield Park,2017,0.21509434,0.169811321,0.196226415,0.256603774,0.162264151
Litchfield Park,2018,0.180379747,0.180379747,0.262658228,0.202531646,0.174050633
Litchfield Park,2019,0.156133829,0.148698885,0.215613383,0.215613383,0.26394052
Litchfield Park,2020,0.085714286,0.15,0.182142857,0.257142857,0.325
Litchfield Park,2021,0.025830258,0.15498155,0.188191882,0.199261993,0.431734317
Litchfield Park,2022,0.010928962,0.038251366,0.169398907,0.147540984,0.633879781
Litchfield Park,2023,0,0.2,0.169230769,0.2,0.430769231
Maricopa,2012,0.947275144,0.048294196,0.003987594,0.000443066,0
Maricopa,2013,0.874885005,0.118215271,0.006439742,0.000459982,0
Maricopa,2014,0.815789474,0.170134639,0.013463892,0.000611995,0
Maricopa,2015,0.78559914,0.199355185,0.012358947,0.002686728,0
Maricopa,2016,0.734052993,0.246810599,0.018155054,0.000981354,0
Maricopa,2017,0.625896246,0.336566849,0.036271615,0.001265289,0
Maricopa,2018,0.467609829,0.478406552,0.051005212,0.002233805,0.000744602
Maricopa,2019,0.305508618,0.605947955,0.080094627,0.0084488,0
Maricopa,2020,0.082322073,0.709412922,0.186290587,0.021318465,0.000655953
Maricopa,2021,0.010791367,0.300102775,0.528776978,0.142086331,0.018242549
Maricopa,2022,0.00729927,0.050283861,0.536631522,0.34279535,0.062989997
Maricopa,2023,0.007523511,0.115360502,0.620062696,0.195611285,0.061442006
Mesa,2011,0.841074426,0.098601007,0.034023503,0.0115277,0.014773363
Mesa,2012,0.762866235,0.152200154,0.049928673,0.019642269,0.015362669
Mesa,2013,0.643244392,0.221643457,0.080046774,0.028489423,0.026575954
Mesa,2014,0.591633466,0.259738822,0.093293493,0.03187251,0.023461709
Mesa,2015,0.520118343,0.31469428,0.105621302,0.032248521,0.027317554
Mesa,2016,0.425043328,0.369584055,0.13882149,0.040554593,0.025996534
Mesa,2017,0.342343044,0.403957003,0.160383237,0.057875058,0.035441658
Mesa,2018,0.261381896,0.428494912,0.189455964,0.069630423,0.051036805
Mesa,2019,0.20991005,0.388725186,0.253411911,0.086073201,0.061879653
Mesa,2020,0.153019814,0.31065489,0.310416169,0.123975491,0.101933636
Mesa,2021,0.09380651,0.18007836,0.301009644,0.219559976,0.205545509
Mesa,2022,0.06154143,0.120381981,0.20709945,0.252435613,0.358541526
Mesa,2023,0.068388138,0.138390155,0.228969135,0.219285858,0.344966714
Paradise Valley,2011,0.005319149,0.007978723,0.013297872,0.066489362,0.906914894
Paradise Valley,2012,0,0,0.002873563,0.022988506,0.974137931
Paradise Valley,2013,0,0,0.002762431,0.011049724,0.986187845
Paradise Valley,2014,0.002849003,0.002849003,0,0.008547009,0.985754986
Paradise Valley,2015,0,0,0,0.00286533,0.99713467
Paradise Valley,2016,0,0,0,0.003134796,0.996865204
Paradise Valley,2017,0,0,0,0,1
Paradise Valley,2018,0,0,0,0,1
Paradise Valley,2019,0,0,0,0.002309469,0.997690531
Paradise Valley,2020,0,0,0,0,1
Paradise Valley,2021,0,0,0,0,1
Paradise Valley,2022,0,0,0,0,1
Paradise Valley,2023,0,0,0,0,1
Peoria,2011,0.728230337,0.168305243,0.071863296,0.02247191,0.009129213
Peoria,2012,0.608307172,0.234484424,0.108427916,0.035981647,0.012798841
Peoria,2013,0.464522017,0.284964636,0.15149441,0.062286105,0.036732831
Peoria,2014,0.370625924,0.338836865,0.185805816,0.05643174,0.048299655
Peoria,2015,0.333981842,0.35970601,0.19022914,0.069822741,0.046260268
Peoria,2016,0.26256139,0.364374764,0.225538345,0.088024178,0.059501322
Peoria,2017,0.213471503,0.360276339,0.236096718,0.114507772,0.075647668
Peoria,2018,0.14616882,0.356397098,0.256414794,0.138736507,0.102282782
Peoria,2019,0.097856641,0.350667604,0.275650035,0.152494729,0.123330991
Peoria,2020,0.067201092,0.264710899,0.281425891,0.1874467,0.199215419
Peoria,2021,0.029168774,0.121396055,0.269937616,0.238071152,0.341426404
Peoria,2022,0.012844037,0.06353211,0.163073394,0.245183486,0.515366972
Peoria,2023,0.015278462,0.086742238,0.198127156,0.21094135,0.488910793
Phoenix,2011,0.828608247,0.093129243,0.042682927,0.016343978,0.019235605
Phoenix,2012,0.751261739,0.126493324,0.064173002,0.028812368,0.029259567
Phoenix,2013,0.639808808,0.166268351,0.097132127,0.045988392,0.050802322
Phoenix,2014,0.599454098,0.196024912,0.095494387,0.049438721,0.059587883
Phoenix,2015,0.550959719,0.223303596,0.11144904,0.052547986,0.061739659
Phoenix,2016,0.493981993,0.254304217,0.122982151,0.059579845,0.069151793
Phoenix,2017,0.42930999,0.292894281,0.134711982,0.06703287,0.076050877
Phoenix,2018,0.334135856,0.339524219,0.153883634,0.07718544,0.095270851
Phoenix,2019,0.25862069,0.374360128,0.171204365,0.084406818,0.111407999
Phoenix,2020,0.165141612,0.359941903,0.206419753,0.105446623,0.163050109
Phoenix,2021,0.088858441,0.217020629,0.292913146,0.161604628,0.239603156
Phoenix,2022,0.050065832,0.121434118,0.255798251,0.238074339,0.33462746
Phoenix,2023,0.053562219,0.136300007,0.281809475,0.192072497,0.336255802
Queen Creek,2011,0.604756512,0.298980747,0.074745187,0.018120045,0.003397508
Queen Creek,2012,0.435430464,0.349337748,0.144039735,0.052980132,0.018211921
Queen Creek,2013,0.286343612,0.376101322,0.227973568,0.067731278,0.04185022
Queen Creek,2014,0.152700186,0.370577281,0.299193048,0.114214773,0.063314711
Queen Creek,2015,0.112403101,0.402547065,0.303986711,0.108527132,0.072535991
Queen Creek,2016,0.067539046,0.393837062,0.352891515,0.104685521,0.081046855
Queen Creek,2017,0.022727273,0.395454545,0.353787879,0.148863636,0.079166667
Queen Creek,2018,0.008040626,0.311468472,0.336013542,0.214134575,0.130342785
Queen Creek,2019,0.003153579,0.210028382,0.381583097,0.250078839,0.155156102
Queen Creek,2020,0.003122339,0.075503832,0.39994323,0.302299177,0.219131422
Queen Creek,2021,0.001222868,0.006725772,0.169367166,0.335065729,0.487618465
Queen Creek,2022,0.001502065,0.001877582,0.020277882,0.20803605,0.768306421
Queen Creek,2023,0.000682594,0.000682594,0.03890785,0.205460751,0.754266212
Scottsdale,2011,0.369839933,0.160769447,0.132547037,0.095900028,0.240943555
Scottsdale,2012,0.322386864,0.161260179,0.147376852,0.103190495,0.265785609
Scottsdale,2013,0.225553934,0.180841183,0.149263633,0.119543585,0.324797665
Scottsdale,2014,0.201785192,0.185396547,0.158764999,0.110477027,0.343576236
Scottsdale,2015,0.189718163,0.197807933,0.165840292,0.117823591,0.328810021
Scottsdale,2016,0.168919757,0.191988094,0.170780107,0.131712762,0.336599281
Scottsdale,2017,0.14721969,0.170806746,0.171262534,0.135369189,0.375341841
Scottsdale,2018,0.117837959,0.152864816,0.167300806,0.13977171,0.422224709
Scottsdale,2019,0.095364531,0.156101339,0.168381458,0.140170373,0.439982299
Scottsdale,2020,0.055538025,0.130745766,0.139476175,0.134322078,0.539917955
Scottsdale,2021,0.018146647,0.095615328,0.116525424,0.103445099,0.666267502
Scottsdale,2022,0.00377095,0.042597765,0.093994413,0.099860335,0.759776536
Scottsdale,2023,0.004718218,0.055570118,0.098296199,0.095674967,0.745740498
Surprise,2011,0.876926902,0.088015912,0.020885132,0.007210343,0.006961711
Surprise,2012,0.82529077,0.134125217,0.026231131,0.00989854,0.004454343
Surprise,2013,0.670800187,0.275854001,0.035563875,0.009592887,0.00818905
Surprise,2014,0.602239403,0.323380432,0.054918688,0.01146361,0.007997867
Surprise,2015,0.508811119,0.389923058,0.07743857,0.014643832,0.00918342
Surprise,2016,0.424388012,0.447723633,0.105239076,0.013955617,0.008693663
Surprise,2017,0.313429794,0.528224985,0.124923579,0.024862441,0.008559201
Surprise,2018,0.157875525,0.619091075,0.181784997,0.029019894,0.012228509
Surprise,2019,0.098457888,0.598712083,0.245212676,0.045077106,0.012540247
Surprise,2020,0.054837693,0.457768673,0.376615191,0.08572329,0.025055153
Surprise,2021,0.040681851,0.130067326,0.438046125,0.272024065,0.119180633
Surprise,2022,0.022779446,0.03531697,0.227441286,0.402790041,0.311672259
Surprise,2023,0.019188424,0.040264234,0.349166405,0.32997798,0.261402957
Tempe,2011,0.79602461,0.130619972,0.042593469,0.010411737,0.020350213
Tempe,2012,0.719982847,0.180960549,0.050171527,0.020154374,0.028730703
Tempe,2013,0.570440795,0.286949006,0.079083838,0.033707865,0.029818496
Tempe,2014,0.499539171,0.334101382,0.097235023,0.034562212,0.034562212
Tempe,2015,0.436552275,0.383080607,0.103351955,0.039106145,0.037909018
Tempe,2016,0.315418829,0.459970348,0.145663454,0.040400297,0.038547072
Tempe,2017,0.272051369,0.437647854,0.182156134,0.06218317,0.045961473
Tempe,2018,0.233072474,0.412725417,0.225246683,0.075876148,0.053079279
Tempe,2019,0.211683849,0.356013746,0.291408935,0.084879725,0.056013746
Tempe,2020,0.127824859,0.302966102,0.332274011,0.139124294,0.097810734
Tempe,2021,0.051842973,0.191789032,0.267905304,0.266706623,0.221756068
Tempe,2022,0.009687362,0.100836636,0.22897402,0.269925143,0.390576838
Tempe,2023,0.012684989,0.155391121,0.239957717,0.291754757,0.300211416
Tolleson,2011,1,0,0,0,0
Tolleson,2012,1,0,0,0,0
Tolleson,2013,0.973684211,0.026315789,0,0,0
Tolleson,2014,0.970588235,0.029411765,0,0,0
Tolleson,2015,0.90625,0.078125,0.015625,0,0
Tolleson,2016,0.835616438,0.095890411,0.054794521,0.01369863,0
Tolleson,2017,0.816666667,0.066666667,0.1,0.016666667,0
Tolleson,2018,0.704918033,0.196721311,0.098360656,0,0
Tolleson,2019,0.304761905,0.628571429,0.047619048,0,0.019047619
Tolleson,2020,0.166666667,0.735294118,0.049019608,0.039215686,0.009803922
Tolleson,2021,0.209876543,0.345679012,0.358024691,0.074074074,0.012345679
Tolleson,2022,0.058823529,0.176470588,0.441176471,0.191176471,0.132352941
Tolleson,2023,0.043478261,0.260869565,0.47826087,0.130434783,0.086956522
Wickenburg,2011,0.698275862,0.189655172,0.077586207,0.017241379,0.017241379
Wickenburg,2012,0.746478873,0.154929577,0.084507042,0.014084507,0
Wickenburg,2013,0.572519084,0.267175573,0.106870229,0.038167939,0.015267176
Wickenburg,2014,0.610294118,0.272058824,0.095588235,0.007352941,0.014705882
Wickenburg,2015,0.467836257,0.251461988,0.093567251,0.064327485,0.122807018
Wickenburg,2016,0.379032258,0.278225806,0.14516129,0.084677419,0.112903226
Wickenburg,2017,0.311036789,0.214046823,0.210702341,0.100334448,0.163879599
Wickenburg,2018,0.24024024,0.213213213,0.222222222,0.162162162,0.162162162
Wickenburg,2019,0.163265306,0.204081633,0.24829932,0.183673469,0.200680272
Wickenburg,2020,0.099756691,0.218978102,0.262773723,0.155717762,0.262773723
Wickenburg,2021,0.071691176,0.229779412,0.198529412,0.176470588,0.323529412
Wickenburg,2022,0.068522484,0.079229122,0.109207709,0.205567452,0.537473233
Wickenburg,2023,0.04296875,0.03515625,0.1328125,0.19140625,0.59765625
Youngtown,2011,1,0,0,0,0
Youngtown,2012,1,0,0,0,0
Youngtown,2013,1,0,0,0,0
Youngtown,2014,1,0,0,0,0
Youngtown,2015,0.992907801,0.007092199,0,0,0
Youngtown,2016,0.966887417,0.033112583,0,0,0
Youngtown,2017,0.837078652,0.162921348,0,0,0
Youngtown,2018,0.773480663,0.226519337,0,0,0
Youngtown,2019,0.67027027,0.32972973,0,0,0
Youngtown,2020,0.528846154,0.461538462,0.009615385,0,0
Youngtown,2021,0.186602871,0.488038278,0.28708134,0.038277512,0
Youngtown,2022,0.16,0.39,0.32,0.13,0
Youngtown,2023,0.086956522,0.239130435,0.5,0.173913043,0
